260.762
164.828
136.57
200.625
296.752
221.94
386.522
144.111
323.299
480.995
368.682
58.943
72.668
285.843
185.929
22.478
98.461
140.799
172.007
157.514
290.214
133.24
584.358
386.836
166.261
240.031
94.714
54.942
254.816
365.905
66.248
309.121
86.96
188.045
267.118
225.392
99.683
31.846
43.342
131.968
218.07
209.032
225.804
180.781
40.596
192.429
245.939
87.928
16.894
195.403
195.859
83.375
112.761
342.855
405.846
298.174
74.023
251.316
92.025
237.51
20.376
146.553
101.558
134.824
200.8
87.904
260.234
16.037
14.84
52.267
420.738
451.325
62.916
175.272
18.852
151.572
97.886
117.833
97.682
167.287
68.987
249.006
120.397
43.02
226.046
143.488
115.7
59.952
364.784
128.27
105.126
25.408
74.809
22.87
60.931
82.964
171.866
48.203
280.476
61.002
35.39
55.008
331.935
227.188
128.157
39.908
179.662
160.134
93.698
293.684
35.449
36.099
366.992
100.622
172.657
440.919
475.745
360.304
437.874
74.186
84.881
311.123
94.92
39.475
80.992
49.728
324.535
190.822
187.015
134.632
494.293
221.493
124.799
91.631
131.215
99.784
437.65
155.474
137.027
80.318
121.516
85.226
32.102
239.517
150.329
264.272
155.527
11.73
260.562
22.999
58.498
39.389
246.917
222.902
76.888
330.277
137.572
373.525
103.315
335.011
116.671
179.1
301.095
120.205
110.543
119.672
168.138
40.613
190.851
62.725
172.198
335.111
412.488
224.531
283.512
190.05
50.132
62.582
52.666
72.48
63.164
237.431
151.95
201.268
204.276
232.615
80.606
175.344
145.643
177.673
132.221
143.954
144.371
88.24
439.87
43.783
142.804
210.33
169.278
120.364
51.602
246.978
210.277
41.023
32.999
229.627
180.926
101.371
141.001
197.046
119.452
184.013
247.039
201.214
102.628
369.686
274.948
177.711
176.668
142.727
293.557
120.866
206.568
134.734
254.68
173.244
119.736
91.062
58.979
303.91
40.99
195.502
149.149
13.22
271.29
642.931
100.53
97.05
216.34
216.914
167.983
129.18
174.16
90.798
56.644
113.962
26.07
109.933
418.539
208.538
101.641
265.951
49.042
350.117
152.526
88.85
289.858
140.109
145.46
478.761
324.17
286.92
46.631
143.489
113.245
18.617
50.33
138.188
335.825
94.021
41.064
316.036
172.616
80.444
131.204
43.87
392.021
57.557
53.736
425.794
280.849
215.377
206.658
71.468
140.712
43.127
269.248
152.21
126.871
269.697
366.269
61.963
10.224
66.358
40.86
56.22
237.107
220.845
222.073
377.147